pT_j1 eta_j1 phi_j1 pT_j2 eta_j2 phi_j2 m_jj tau21_j1 tau21_j2 tau32_j1 tau32_j2 met phi_met min_dPhi ht 
663.594 0.124718 -2.57783 634.416 -0.0649531 0.535313 1340.59 0.26869 0.573482 0.806937 0.682889 9.64507 -3.08863 0.482356 1386.52 
308.979 1.62208 -0.279843 251.588 -1.54528 3.01761 1425.12 0.630752 0.629757 0.876444 0.702792 59.4452 3.02262 0.00500441 605.93 
719.117 1.17522 2.19168 701.539 -0.934429 -1.03285 2296.61 0.700952 0.784176 0.51486 0.675475 56.3933 -1.30595 0.273101 1503.11 
253.472 -0.0196306 2.59006 252.488 1.29939 -0.523428 625.975 0.666165 0.724834 0.493794 0.720347 17.9507 -2.90307 2.35154 538.797 
457.591 -1.65731 -2.97348 326.835 -1.78164 0.40815 782.011 0.708433 0.563999 0.774412 0.744872 20.1963 0.318863 0.089287 898.588 
330.349 -0.565505 -2.53959 294.94 0.802066 0.784881 789.561 0.412287 0.536753 0.727248 0.824291 15.7726 -2.54709 0.00749946 693.587 
416.156 0.197711 0.848618 305.615 1.20216 -2.48946 816.537 0.549743 0.748664 0.789925 0.749352 25.6242 -2.74813 0.258676 871.629 
286.359 0.20858 -3.06154 233.678 0.0914859 0.165606 534.665 0.701114 0.478106 0.80326 0.874538 50.4818 -0.303197 0.468803 526.691 
1163.41 -0.134597 -2.77884 674.417 1.19983 0.632668 2208.48 0.692028 0.383739 0.666344 0.729501 171.936 0.328632 0.304036 2339.47 
528.84 0.987675 1.26643 526.43 0.175088 -1.78755 1153.78 0.517438 0.848067 0.788886 0.751336 17.2824 0.959375 0.307054 1096.3 
253.536 -0.939693 -2.09693 247.706 -1.1036 1.02884 519.175 0.581945 0.435739 0.626255 0.735842 18.0729 -0.214177 1.24302 506.631 
319.566 -0.650965 0.27208 295.108 -1.11303 -2.79257 650.989 0.450382 0.569266 0.839337 0.489702 41.0329 -2.80366 0.0110955 639.376 
287.199 -1.5638 0.886558 232.147 -0.0946133 -2.14178 665.363 0.866869 0.501327 0.679011 0.472016 28.8508 -1.79319 0.348586 635.388 
359.077 -1.71855 1.73014 268.839 -3.08623 -1.4171 784.098 0.729437 0.621289 0.897982 0.663482 25.8965 2.20227 0.472132 736.982 
496.158 0.592327 0.372091 428.065 -0.213302 -2.59796 1003.26 0.55347 0.686388 0.904423 0.874712 92.885 -2.73759 0.139631 993.007 
307.963 1.06973 -0.473373 291.499 -0.319602 2.85951 768.809 0.669472 0.633865 0.792271 0.824911 29.7674 2.2391 0.620403 640.777 
340.777 0.104372 1.99208 333.858 -2.06583 -1.00821 1125.77 0.617893 0.926451 0.789669 0.955326 36.8613 -2.98261 1.8331 710.414 
306.887 0.832213 -0.256361 211.386 0.687916 2.68679 517.786 0.529713 0.701396 0.816542 0.767118 20.3481 -0.492252 0.0374485 728.328 
236.447 2.70169 1.89488 222.015 1.24844 -1.14539 594.57 0.414998 0.724487 0.600049 0.699134 38.7678 2.22676 0.230556 543.354 
312.382 0.373228 -1.23654 304.95 1.25195 2.00516 712.534 0.244833 0.752688 0.699065 0.840874 24.4026 1.22708 0.778072 631.071 
427.148 -1.11541 -2.41276 309.147 1.88591 1.01767 1715.95 0.694033 0.483161 0.788637 0.85705 22.108 1.45643 0.438765 1154.64 
322.876 0.978653 1.45921 226.055 -0.314205 -1.77372 665.537 0.715589 0.517645 0.772218 0.737691 64.4083 -1.56289 0.210838 533.969 
482.525 -0.294793 -2.0495 384.545 -0.124554 1.39846 873.572 0.495298 0.579101 0.73992 0.666326 7.97513 3.04749 1.64903 1225.78 
412.034 -1.19783 -1.26707 379.853 1.65581 1.8344 1753.6 0.564662 0.473875 0.828483 0.847311 42.4397 1.74077 0.0936254 794.345 
233.837 1.76784 -3.07145 231.872 2.33713 -0.161162 505.578 0.617013 0.794296 0.812235 0.785286 17.2021 -1.42111 1.25995 507.648 
264.84 -1.33765 -2.50394 252.675 0.459582 0.474761 749.33 0.684789 0.574791 0.895229 0.921753 51.7474 0.623648 0.148887 539.885 
348.654 0.00710916 -1.0831 348.581 0.162481 2.28352 698.603 0.474129 0.883347 0.767143 0.888317 8.57252 -0.850017 0.233082 765.312 
464.861 0.328018 2.77013 391.931 1.32287 -0.735162 968.623 0.447499 0.510874 0.916424 0.506452 28.3839 2.19601 0.574121 1011.44 
408.955 -0.310202 1.59099 293.13 0.405272 -1.5361 789.703 0.315152 0.658053 0.873685 0.602949 28.7045 1.76602 0.160523 1009.14 
287.121 1.3138 1.59269 235.585 0.802806 -1.54026 547.958 0.906975 0.726518 0.842605 0.751977 25.6527 -1.11511 0.425145 505.056 
433.72 -1.14992 -1.79703 404.656 -0.211716 1.15279 965.035 0.748951 0.245071 0.688729 0.936052 42.0983 -2.042 0.0531958 965.112 
225.031 1.62428 2.99443 209.602 2.07006 0.125549 478.835 0.124115 0.787499 0.835168 0.801132 16.0366 2.86556 0.128862 505.861 
345.928 1.43443 1.19813 286.892 -0.682353 -1.84858 1025.88 0.233258 0.710401 0.849395 0.85502 45.6309 -1.31741 0.531163 643.988 
287.646 0.908036 -1.53899 284.254 -0.26854 2.10438 687.045 0.760165 0.33621 0.760191 0.712541 39.1315 0.365104 1.73928 717.834 
334.958 0.446063 2.85495 305.397 1.29914 0.21226 686.133 0.6958 0.921596 0.762922 0.801467 49.9938 -0.4797 0.193054 814.95 
297.797 0.301614 -0.967933 250.901 1.00335 2.304 605.271 0.717949 0.572545 0.602501 0.876718 45.7422 1.97385 0.330143 617.693 
368.499 0.897937 2.24194 206.034 -0.319493 -0.786367 663.117 0.286578 0.834012 0.715736 0.550801 119.969 -0.797757 0.0113901 663.82 
233.22 0.516833 0.365658 214.617 0.628676 -2.58587 458.168 0.764062 0.591377 0.693463 0.805528 25.6939 0.746153 0.190435 545.302 
217.296 1.42411 1.20881 201.087 2.7511 -1.82397 519.388 0.616085 0.729207 0.848969 0.88828 49.3062 1.06117 0.14764 450.746 
980.782 1.14578 1.90544 922.253 -1.53824 -1.21705 3893.86 0.589683 0.660204 0.644247 0.728765 116.989 1.97817 0.0536226 2276.27 
252.66 -0.641159 -0.497281 229.817 -1.35827 -2.73126 522.859 0.535411 0.486098 0.801142 0.644033 54.1718 -2.40539 0.325866 793.206 
513.877 -0.820114 0.584542 372.293 -0.100987 -2.40188 937.33 0.800798 0.662467 0.894713 0.7896 30.7189 -2.45772 0.055841 1035.43 
396.078 1.67136 0.0483678 222.21 -1.59176 3.00646 1579.1 0.70684 0.744964 0.803609 0.690932 37.8622 2.84467 0.161794 722.753 
222.185 -1.33511 1.70887 204.809 -0.171164 -1.63646 517.692 0.707925 0.507351 0.864333 0.712786 43.7166 -0.885489 0.750973 486.358 
352.159 -1.84477 -2.96464 258.857 0.267859 0.317183 1016.68 0.488623 0.660205 0.647478 0.73011 16.0975 -0.710703 1.02789 860.771 
281.133 0.812413 2.81524 261.12 0.984537 -0.788448 544.689 0.795438 0.731051 0.821784 0.622167 15.0541 -0.953621 0.165173 787.016 
443.389 0.920236 -0.214959 358.306 1.54062 2.90441 842.227 0.511388 0.524242 0.843245 0.822168 12.5709 2.60449 0.299922 878.734 
387.417 0.207271 -1.61658 346.46 -0.116266 1.49843 753.213 0.726567 0.401556 0.809102 0.944966 26.3327 2.0571 0.532093 751.93 
233.795 2.51383 -0.988732 220.861 1.41274 2.24694 548.315 0.769302 0.488672 0.866374 0.878422 21.7923 1.38309 0.863854 439.057 
462.337 0.61191 1.0099 368.955 -0.250584 -2.1066 931.531 0.778647 0.500136 0.6147 0.787202 52.6791 -2.01257 0.0940266 869.82 
203.375 -0.0026694 0.519943 202.24 -1.17155 -2.74926 498.086 0.581928 0.399266 0.853724 0.690407 26.5496 -1.62393 1.12534 428.793 
294.498 0.710584 -0.0699941 277.057 1.5511 3.03824 645.108 0.692186 0.570476 0.893337 0.825492 57.9148 3.00598 0.032258 681.64 
617.202 -0.234294 0.679269 547.214 0.0130183 -2.40899 1179.68 0.845009 0.649199 0.859726 0.838484 22.3441 -2.35888 0.050113 1224.16 
302.89 1.6351 2.49946 239.356 2.24785 -0.533257 574.293 0.866965 0.931429 0.827802 0.749711 36.9675 -0.655736 0.0136002 568.975 
320.344 -0.343422 -0.369289 311.634 1.76179 2.83324 1018.91 0.63386 0.85742 0.821018 0.894916 6.69698 3.09737 0.264127 693.25 
841.137 1.01073 0.0425616 746.373 -0.867282 3.1335 2359.76 0.364324 0.389068 0.609687 0.53239 78.9222 3.13082 0.00267911 1698.13 
434.603 0.13966 -0.99625 351.386 1.46841 1.90089 972.324 0.754871 0.348272 0.848273 0.902198 49.4344 2.08573 0.184838 970.449 
234.843 1.48635 2.26443 230.558 1.55157 -0.924785 486.323 0.702248 0.481335 0.951447 0.816207 34.9699 1.91914 0.345285 486.599 
271.933 -0.188304 0.597242 207.306 1.20141 -2.47776 615.862 0.831343 0.770431 0.861439 0.671458 14.6383 3.09328 2.42945 564.26 
240.326 -0.125606 0.712277 232.949 1.895 -2.21675 739.447 0.804317 0.828001 0.922937 0.79595 24.5427 -2.48915 0.0598305 732.016 
418.06 0.478237 1.24939 376.261 0.16397 -1.88073 830.194 0.611974 0.661455 0.707875 0.693751 68.6924 -1.86964 0.0110877 872.766 
496.061 -1.28521 1.08398 473.149 0.589831 -1.9283 1433.15 0.871131 0.814353 0.759762 0.77323 21.9787 2.33808 1.12479 1075.17 
441.127 -0.333412 1.97778 311.152 0.301429 -1.2705 809.5 0.426059 0.781501 0.55923 0.897363 46.4794 -1.1348 0.135696 871.079 
334.102 0.0221031 -0.626205 202.359 -1.82931 2.48061 769.51 0.431302 0.768002 0.735955 0.692816 1.57498 -1.32273 0.661747 647.12 
299.557 1.03747 0.762844 255.679 0.420921 -2.3882 588.931 0.668476 0.743163 0.878578 0.837435 53.756 -2.5886 0.200404 615.821 
265.541 -0.76244 -0.505016 205.854 -0.728195 2.30769 477.62 0.564994 0.559172 0.870201 0.774304 12.8437 -1.68123 0.847331 529.463 
311.16 -0.343509 -1.36353 243.472 0.354237 2.03814 594.148 0.487224 0.671399 0.833547 0.851892 8.17238 1.22635 0.811788 651.189 
281.37 1.53469 -1.96008 271.924 0.936785 0.905913 596.429 0.506679 0.255388 0.753334 0.85419 14.228 2.49307 1.31156 714.245 
479.415 -0.949988 0.950668 284.466 -2.56202 -1.77417 1024.29 0.27207 0.3419 0.732804 0.743386 48.9793 0.791983 0.158685 1076.38 
238.258 -2.2886 0.213169 219.605 -0.565009 -2.88725 684.632 0.75831 0.412124 0.906087 0.682698 25.9825 2.90919 2.65485 544.24 
355.185 -1.77302 -2.47618 221.021 1.11943 1.49263 1242.21 0.462475 0.62744 0.867146 0.72653 11.1491 -2.45552 0.0206525 913.973 
334.792 0.168319 -1.17707 292.899 -0.972078 1.79755 734.753 0.882858 0.592444 0.647593 0.785696 51.3352 2.21273 0.248205 639.692 
363.706 2.1574 -1.29277 347.751 0.950869 2.24614 854.858 0.347297 0.600415 0.904311 0.841878 16.5333 1.06922 1.17692 846.728 
685.426 0.762782 -0.403299 567.736 -0.00409633 3.04185 1361.05 0.586058 0.433958 0.794685 0.688941 222.551 2.78602 0.0477236 1495.07 
284.605 -0.861646 -2.69367 232.458 0.961011 0.237128 761.907 0.752238 0.875546 0.75003 0.807569 46.1653 -0.719121 0.956249 785.627 
260.577 1.05054 -1.94031 219.104 -0.361384 1.09212 624.55 0.231395 0.69931 0.897802 0.73292 48.6411 1.14119 0.0490648 524.902 
304.848 1.38572 0.780482 236.775 1.49974 -2.48764 542.418 0.629504 0.779399 0.752706 0.769104 38.2297 -2.20645 0.281193 582.183 
302.629 -1.19665 0.110022 206.008 -2.26485 -2.97865 603.071 0.462304 0.537437 0.672216 0.865715 153.494 -2.84443 0.134224 575.355 
415.318 0.427485 -2.45967 333.768 2.67044 0.686554 1279.73 0.778278 0.610112 0.861327 0.418459 12.6774 1.64178 0.955226 852.395 
1195.53 -1.25794 -3.03454 837.406 1.68069 0.122179 4596.07 0.504156 0.655381 0.771523 0.683665 338.621 0.004968 0.117211 2055.17 
499.536 2.35075 0.41186 372.47 0.766183 -3.03293 1207.36 0.75384 0.250633 0.881409 0.783377 60.1733 0.992385 0.580525 1121.52 
391.892 0.273447 -1.41165 387.703 -0.71595 2.05709 882.098 0.746908 0.722796 0.725282 0.652716 65.598 -1.08631 0.00180039 900.804 
327.298 -0.862019 -2.77987 284.196 -0.782149 0.166391 647.06 0.489907 0.749307 0.767384 0.875701 54.8908 -0.15518 0.321571 731.759 
462.77 -1.08572 -0.967822 366.588 0.98189 2.70965 1297.66 0.543147 0.791674 0.723309 0.761972 85.8506 2.75132 0.0416629 1148.38 
340.725 0.441374 3.05751 317.447 2.27429 -0.21873 995.805 0.644363 0.382772 0.730436 0.570133 30.4556 -3.05508 2.83635 739.509 
353.034 -2.34017 0.84064 241.802 -0.785935 -2.33389 797.276 0.354479 0.678475 0.590827 0.489627 96.9831 -2.25329 0.0805933 615.153 
513.671 0.324313 -1.03993 443.048 -0.624579 2.11333 1127.96 0.349675 0.429217 0.700674 0.763582 24.2081 -0.930286 0.109644 1039.9 
320.583 0.0202636 -1.61755 306.685 -0.764062 1.56875 711.396 0.387596 0.627239 0.844439 0.686227 12.1551 0.569648 0.999102 661.511 
562.726 -0.630312 0.127388 328.248 0.635765 -2.63234 1038.15 0.605283 0.492063 0.802337 0.776761 49.8025 0.181366 0.0539775 1243.22 
293.507 -0.910328 -3.07683 203.306 -1.79455 -0.201227 551.445 0.690292 0.720328 0.743176 0.918566 15.2524 2.95809 0.0177253 657.399 
326.18 1.43703 2.9008 269.844 1.61837 -0.28482 613.211 0.81121 0.601232 0.85825 0.793422 53.0411 -0.0979949 0.186825 600.872 
516.608 -1.68254 2.4708 494.683 -0.63874 -0.752054 1253.25 0.520366 0.381976 0.56526 0.42533 11.6259 -0.526981 0.225074 1091.58 
362.935 1.104 -0.524455 328.817 2.42203 2.71541 858.273 0.694208 0.775113 0.931293 0.856561 32.6666 -1.7577 1.23325 812.408 
751.36 -0.481616 1.79781 720.124 1.22724 -1.52595 2066.03 0.815333 0.26336 0.810279 0.868413 133.046 -1.57902 0.0530677 1645.83 
335.967 -1.49585 -0.275977 279.888 -0.638123 2.81135 683.873 0.877525 0.789814 0.836199 0.762525 35.9242 -0.525835 0.195593 766.611 
508.275 -0.956689 2.88992 495.01 0.330458 -1.164 1159.8 0.42139 0.622297 0.86609 0.795958 171.817 0.52159 1.68559 1585.65 
510.667 -0.693238 -1.8461 507.067 -1.32822 1.28899 1110.81 0.513946 0.790248 0.874088 0.73174 26.3432 0.728534 0.560453 1150.99 
273.316 -0.668736 1.5126 217.491 0.820649 -3.07573 554.563 0.794555 0.672789 0.801784 0.828476 31.5499 -0.800855 2.27488 807.583 
290.756 0.681277 -1.68212 208.245 -2.21934 1.4455 1111.91 0.739747 0.725185 0.712568 0.889191 15.9113 -2.18077 0.484675 614.644 
260.764 1.06215 0.0231947 236.772 -0.100658 -3.05077 599.776 0.643479 0.548462 0.773311 0.715597 23.9809 -0.69668 0.719875 616.349 
220.261 1.73839 -1.74914 211.851 1.48134 1.6238 449.164 0.725155 0.78629 0.735561 0.785623 20.245 0.404345 1.21946 433.238 
291.186 -0.215167 2.68174 281.194 0.2373 -0.308762 608.509 0.472746 0.296481 0.59108 0.85443 22.9537 -2.21654 1.75668 562.196 
398.715 -0.52318 0.954903 336.863 -0.440524 -2.08145 795.171 0.389847 0.222289 0.791923 0.634764 11.8263 -1.24764 0.833811 1126.25 
371.208 -0.224762 2.72867 236.779 -2.56794 -0.621115 1150.14 0.492182 0.352038 0.506906 0.80976 57.5803 -0.236393 0.384722 786.169 
394.821 -1.90416 -0.300346 368.981 -0.933862 2.77414 860.189 0.550461 0.835171 0.70628 0.946135 39.2777 2.98323 0.141982 761.736 
608.958 0.273365 1.60001 323.413 1.09818 -1.22286 961.402 0.761731 0.660788 0.819067 0.894452 42.1801 -1.8798 0.338226 1235.82 
302.493 0.849315 -0.2745 272.513 1.65066 2.92271 634.549 0.776105 0.447907 0.750138 0.766611 8.17897 -0.821376 0.546876 616.874 
210.103 2.71867 -0.520934 206.507 -0.345448 2.73722 1010.83 0.638684 0.750678 0.793126 0.688595 54.7915 2.99035 0.253127 539.74 
264.852 2.46872 2.9148 237.627 -0.320388 -0.242059 1105.87 0.473583 0.512088 0.612434 0.771355 25.3451 0.338677 0.580736 509.74 
258.345 -1.95053 2.01116 230.619 -1.4752 -1.10715 554.248 0.361698 0.562032 0.840137 0.759667 23.8315 3.0922 1.05775 526.204 
458.147 0.108575 2.85293 354.46 0.0390041 -0.266595 841.144 0.684542 0.427926 0.87997 0.62375 25.4266 0.304206 0.570801 944.166 
264.859 0.755144 -2.53328 246.03 2.39887 0.702174 703.568 0.811355 0.789015 0.751749 0.664203 27.0835 0.618743 0.0104302 552.498 
291.904 -0.0792625 2.22679 248.662 -0.138865 -0.852864 566.678 0.456933 0.552199 0.729922 0.708196 75.5169 -0.880472 0.0276079 562.436 
318.866 -0.221192 -1.34736 273.393 1.30736 1.84798 789.64 0.740465 0.736183 0.680132 0.757835 30.7001 -1.0308 0.316564 1268.56 
529.29 2.14966 -2.66808 417.843 -1.80417 0.39068 3465.67 0.51886 0.420505 0.711815 0.524391 90.7005 0.408805 0.0181259 965.729 
425.263 -0.0945365 -0.663245 211.657 1.13106 2.3338 741.086 0.596489 0.459862 0.622577 0.711158 86.0278 2.56927 0.0909179 842.693 
735.412 1.23399 -2.38125 668.01 0.446902 0.716094 1544.05 0.217526 0.606204 0.912936 0.672571 44.9339 0.344592 0.371502 1476.79 
397.482 -0.752095 -1.65174 237.419 1.61126 1.00159 1109.18 0.456171 0.461033 0.870405 0.824737 58.4247 1.71055 0.220697 792.175 
275.116 -0.385723 1.87212 260.993 -0.00644042 -1.46583 552.61 0.790826 0.581472 0.718428 0.889453 5.32363 -0.790222 0.675607 558.108 
289.858 1.69203 0.382662 206.435 -0.0303308 -2.65887 713.821 0.428786 0.314631 0.80788 0.89427 12.531 0.928172 0.445451 573.624 
358.83 2.10588 2.19888 274.762 0.694568 -1.24407 805.661 0.598371 0.711435 0.860653 0.91603 114.976 -1.358 0.113937 875.959 
399.016 -0.591299 -2.84267 357.747 -1.33558 0.364132 824.344 0.414585 0.698752 0.787413 0.874218 57.2429 0.174513 0.189619 763.986 
252.763 -1.00975 0.254664 242.653 0.704067 -2.91549 708.207 0.733521 0.718854 0.826156 0.615828 8.73301 -0.858619 1.11328 675.27 
245.399 0.385702 3.03772 216.082 1.98176 0.136447 654.251 0.306514 0.633414 0.796051 0.62899 34.5032 -0.684321 0.580451 693.99 
341.235 -0.307265 -0.905266 225.631 1.98807 1.88386 996.86 0.313498 0.588826 0.801257 0.837272 48.0056 2.69467 0.458348 732.122 
385.466 -1.61488 -0.671029 299.859 1.27786 1.7049 1505 0.653632 0.542647 0.871381 0.798463 50.6527 -1.53463 0.0979408 1084.11 
284.79 0.250307 -0.434375 273.438 -1.54034 2.37682 804.451 0.654513 0.271731 0.853707 0.816693 21.8066 -2.33545 1.57067 631.916 
418.427 -1.81035 0.809872 381.111 -0.222272 -2.46481 1071.03 0.438688 0.594928 0.666936 0.782425 43.2044 -2.59277 0.127956 857.812 
319.484 -1.82275 2.0001 233.559 -2.63202 -1.1086 605.118 0.443469 0.539273 0.798897 0.699926 49.7667 -0.7816 0.326997 565.353 
208.053 -1.76369 -0.342319 206.206 1.65261 2.8529 1188.03 0.509404 0.797557 0.855336 0.82104 18.7195 2.84344 0.0094645 432.657 
288.557 0.649891 -0.480248 242.326 0.078273 2.88688 560.539 0.492582 0.832932 0.913212 0.795217 39.1971 -0.466181 0.0140666 581.483 
234.043 -2.41969 -0.493685 222.197 -2.05671 2.54723 470.116 0.726675 0.920367 0.790456 0.865401 15.749 -2.62531 2.03095 609.626 
241.831 -0.0985276 -1.72482 216.964 1.74523 1.26434 668.448 0.703821 0.733867 0.762252 0.736639 11.7763 2.00548 0.58871 485.085 
539.617 -0.385273 -1.72338 485.137 -0.402076 1.48955 1075.71 0.355718 0.68648 0.679284 0.827578 7.84485 -0.74264 0.980737 1181.11 
407.905 -0.158604 2.69448 287.906 0.621835 -1.03653 747.074 0.703753 0.399191 0.818163 0.672967 27.9368 -1.06896 0.0324333 905.948 
287.272 -1.5435 -0.900837 251.492 -0.212746 2.04312 727.224 0.713476 0.582466 0.78176 0.507725 32.6266 -1.23649 0.138009 596.679 
494.956 -0.232111 -0.476858 389.302 -1.12501 2.66348 997.983 0.642595 0.674726 0.806755 0.800826 109.639 2.65194 0.0115335 881.137 
444.917 -0.32346 1.1514 310.148 2.27105 -1.91514 1498.11 0.273198 0.187148 0.712479 0.708818 96.3627 -1.99009 0.0749516 780.164 
855.454 -0.0427255 -2.69919 794.739 0.910488 0.430888 1929.84 0.485222 0.46897 0.722455 0.543071 27.9699 0.350026 0.0808617 1750.09 
553.359 0.0833112 2.96172 492.606 -0.0509513 -0.262629 1056.2 0.428046 0.6707 0.742641 0.87707 45.1742 0.0611939 0.323823 1077.31 
435.756 0.683001 -2.24584 381.738 -1.31465 0.882024 1296.45 0.392139 0.45693 0.771285 0.628058 42.859 0.874432 0.00759196 842.752 
386.444 -0.259037 -0.950587 244.822 -1.06546 2.05541 673.459 0.855232 0.698095 0.824448 0.70287 125.331 2.05893 0.00351644 725.411 
255.223 -0.536239 2.19332 204.16 -0.411445 -1.18658 463.896 0.894566 0.694618 0.843853 0.901515 30.7767 -0.330287 0.856295 535.907 
553.206 1.76026 -0.496045 361.263 1.34307 2.42062 1006.2 0.274208 0.462137 0.705261 0.298259 8.11576 0.44744 0.943485 1330.98 
834.936 0.920284 0.438485 688.301 0.125986 -2.45812 1635 0.65171 0.693224 0.71876 0.671572 353.857 -2.41539 0.0427256 1940.48 
1036.89 0.611799 2.09379 1026.55 -0.173882 -1.02157 2267.82 0.648098 0.537578 0.882813 0.689644 3.6127 -2.30203 1.25423 2064.05 
444.248 -0.204811 -0.640021 318.043 -1.90896 2.46908 1060.94 0.792689 0.264274 0.856458 0.77269 87.9394 2.66399 0.162421 933.298 
344.472 -0.677275 1.12019 255.389 -0.322387 -1.79435 630.753 0.645516 0.693015 0.80549 0.608218 25.2801 1.11624 0.00395656 840.658 
285.487 -0.242257 -1.12149 233.874 -2.49312 2.23115 947.38 0.269733 0.698207 0.876858 0.658227 5.87965 0.139792 1.26128 1146.95 
398.315 -0.726492 2.302 373.45 -0.237264 -0.824453 820.599 0.528578 0.526872 0.810577 0.727915 24.3883 0.410044 1.2345 795.221 
326.919 0.0938847 -1.96349 266.366 1.88702 1.27066 850.881 0.607749 0.612947 0.926641 0.601192 67.4421 0.968871 0.301789 615.321 
288.851 0.956965 3.05802 235.571 -0.153488 0.0509084 628.197 0.438471 0.663249 0.683142 0.786194 20.2829 1.39754 1.34664 653.445 
289.648 -2.09343 0.917206 263.145 -0.546346 3.0758 689.705 0.31675 0.850356 0.796505 0.835884 29.8431 -0.0175241 0.93473 817.695 
243.97 -1.23488 -1.20626 215.026 -1.85696 1.8251 489.06 0.688764 0.79636 0.909068 0.685277 11.0045 3.03976 1.10443 450.057 
261.704 -0.734748 0.653637 235.757 -0.127779 -2.18491 546.999 0.377392 0.444729 0.834374 0.859123 20.0514 0.715792 0.0621552 641.198 
276.701 -0.137306 3.00198 228.275 1.46014 -0.0363251 683.926 0.644833 0.646175 0.763052 0.614153 63.8678 -0.179244 0.039635 584.563 
278.181 1.86687 1.54171 209.752 -0.0274568 -1.38712 741.973 0.801991 0.707529 0.841726 0.761966 16.9041 0.401026 1.14068 536.463 
446.571 -0.440199 -1.21727 333.295 -0.659999 1.84664 790.083 0.847767 0.766678 0.848495 0.797247 18.4068 1.68156 0.165074 849.592 
278.872 -0.64358 -1.31645 275.524 -1.43702 1.65315 605.626 0.742171 0.61919 0.747278 0.855206 28.6108 1.99197 0.166826 580.714 
530.563 0.321965 -0.37251 473.407 0.0001548 2.83054 1048.97 0.665435 0.584273 0.752589 0.772046 21.2762 1.64185 1.18868 1041.05 
311.118 -0.780374 -2.09824 226.581 -1.46638 0.808296 590.091 0.653164 0.228423 0.927867 0.486443 33.6168 0.957218 0.148922 620.311 
260.072 1.90115 -1.03097 217.156 0.879996 1.95462 549.869 0.628228 0.621675 0.621034 0.858097 47.0973 2.36978 0.259158 506.955 
421.034 -0.0561696 -0.979648 396.931 -0.599967 2.28927 881.364 0.462545 0.669618 0.740931 0.719098 7.26705 2.31645 0.0271857 841.303 
309.458 1.2771 -1.01174 242.02 0.581836 1.95064 601.756 0.606436 0.597965 0.519279 0.756998 130.793 2.03968 0.0890439 655.795 
383.013 0.43889 1.13453 296.758 1.09231 -1.99265 747.431 0.331548 0.700266 0.840301 0.604964 60.2897 -2.10199 0.0949236 755.939 
218.076 1.0013 2.96985 212.512 -0.194512 -0.0329425 557.8 0.399756 0.338054 0.472225 0.613027 31.2996 2.87787 0.0919824 512.691 
303.663 -0.58931 -0.0174289 249.56 -1.89549 -3.13122 678.38 0.784935 0.695738 0.880863 0.678457 17.3282 -2.97547 0.155747 746.233 
291.882 2.26532 1.806 241.082 1.35718 -1.35257 604.818 0.626548 0.607742 0.684231 0.8812 10.8949 -1.61209 0.259521 622.47 
219.102 2.07826 -1.26546 209.726 -0.512851 1.82358 848.239 0.849287 0.872399 0.86454 0.816401 17.5272 -1.75206 0.434044 442.598 
731.191 0.600175 2.17655 658.973 -0.4326 -0.986168 1591.68 0.635076 0.874774 0.724645 0.916711 48.0409 -1.0779 0.0917345 1477.57 
405.209 1.98907 -2.1865 345.727 -1.80674 0.243597 2551.26 0.718998 0.282111 0.648421 0.823355 27.4274 1.1172 0.162114 1384.27 
270.321 -0.39981 1.45555 247.782 -0.953961 -1.52891 544.518 0.633322 0.587693 0.801185 0.915855 33.8351 1.10441 0.351144 591.382 
534.338 0.0828929 -2.96928 435.841 -0.644528 0.109851 1066.28 0.159705 0.707148 0.810477 0.796265 111.72 0.32382 0.151506 1007 
424.415 1.4244 0.585828 350.846 1.29146 -2.47294 801.849 0.897393 0.797825 0.877656 0.633376 45.509 -2.97088 0.415114 825.593 
632.614 0.640364 -0.910204 525.764 -1.40243 2.29097 1820.55 0.575054 0.488808 0.799482 0.766075 114.75 2.19822 0.0927432 1210.67 
319.146 0.0697266 2.3045 255.415 1.78623 -0.20894 780.553 0.810467 0.534618 0.88526 0.912127 69.6862 -3.07236 2.23527 747.369 
402.975 0.186584 1.52219 361.816 -1.65229 -1.72945 1136.83 0.54486 0.500156 0.75862 0.807007 30.8919 -1.19753 0.531921 840.451 
284.606 0.173564 -0.972052 236.294 -0.44132 2.20145 553.507 0.849646 0.663765 0.806579 0.813417 14.8101 1.58489 0.616558 603.621 
303.848 -0.673383 0.47619 294.037 0.103236 -2.69695 672.257 0.494996 0.742196 0.401138 0.765095 21.85 3.10019 2.624 672.659 
250.273 1.24899 -1.27319 236.997 -1.56445 1.66904 1059.43 0.802731 0.356914 0.589319 0.839456 8.72973 -2.06265 0.590099 538.82 
325.557 -0.793268 -2.4862 307 -0.588702 0.298002 650.692 0.476392 0.756655 0.801992 0.904749 28.9795 0.118087 0.179914 913.526 
247.619 1.71273 2.74114 242.122 0.255706 -0.472135 644.309 0.820917 0.747858 0.815849 0.794414 24.3365 2.97873 0.237592 518.797 
340.297 0.480114 0.4625 282.641 -0.365814 -2.7456 723.975 0.383052 0.330669 0.766836 0.914194 22.896 1.14632 0.683817 669.569 
274.035 1.7552 -2.54975 226.359 0.05297 -0.0896686 683.761 0.56131 0.559928 0.736739 0.863252 5.8429 -1.57318 0.976578 797.327 
576.685 1.02615 0.0189948 338.449 0.326217 2.93185 1006.58 0.257906 0.644472 0.810492 0.458504 26.8617 -2.38614 2.1764 1281.4 
302.174 0.92662 -2.03586 226.366 2.08537 1.13873 677.998 0.570534 0.634717 0.687908 0.582948 43.0743 1.30617 0.167443 545.27 
427.052 0.613384 -1.98222 224.837 -0.782769 1.16006 821.359 0.465743 0.513807 0.398001 0.763948 3.71955 1.74094 0.580876 1001.43 
537.483 0.63007 0.00834499 363.634 -1.1093 3.1059 1253.58 0.514805 0.504669 0.861608 0.590431 68.4805 2.93348 0.172421 1057.69 
286.23 1.65484 -1.55076 274.939 -0.428364 1.7563 911.925 0.582516 0.688819 0.792044 0.772786 44.9771 -1.03035 0.520411 623.913 
358.218 0.512743 -0.523597 225.348 1.31157 2.75286 627.026 0.572645 0.697628 0.859163 0.869284 44.9749 2.3206 0.432254 796.544 
209.218 -0.847335 -0.308622 208.83 0.640588 2.51097 540.124 0.782307 0.883856 0.754368 0.815691 24.5921 -1.11552 0.484899 527.702 
326.054 -0.313109 -2.92128 216.598 2.37503 1.24301 1067.75 0.721434 0.590035 0.804772 0.611789 14.6462 0.857301 0.38571 986.711 
277.363 1.06916 -2.02278 269.39 1.71171 1.5834 602.563 0.502936 0.914847 0.60263 0.73535 11.6901 -1.1035 0.919279 665.918 
262.493 -0.905543 2.16102 204.808 -0.940341 -0.856786 477.432 0.585454 0.559424 0.880478 0.800794 35.9084 -0.982798 0.00222716 502.028 
296.469 0.853036 1.29714 288.174 0.570759 -1.90507 612.816 0.440501 0.768692 0.542368 0.814701 11.0043 1.36583 0.068697 737.831 
353.318 0.570032 -2.45801 311.355 0.52984 0.803782 672.777 0.812315 0.88163 0.75596 0.769341 53.558 1.00492 0.201139 817.867 
251.092 0.158345 -0.699892 245.353 0.758992 2.48335 552.888 0.610112 0.145252 0.408715 0.872151 17.8843 -1.17261 0.472719 567.79 
456.869 -1.35107 0.206809 424.788 -0.346136 -2.83024 1027.05 0.78239 0.811467 0.860015 0.734139 13.971 -1.13956 1.34637 993.459 
358.491 1.29228 0.896244 344.013 0.82559 -2.39731 729.443 0.51487 0.797687 0.766871 0.732122 10.4449 -2.58188 0.184565 802.434 
334.894 0.143808 -0.240772 312.849 -0.66529 2.87654 724.484 0.57627 0.660551 0.575161 0.721701 30.2802 -2.59478 2.32973 664.328 
299.507 -0.251075 2.07012 231.579 -0.778509 -0.999577 552.563 0.492055 0.786006 0.889338 0.744588 78.0458 -1.18461 0.113137 669.515 
291.193 -0.808308 -2.7202 275.379 -1.02789 1.09764 552.581 0.324352 0.548489 0.761147 0.845825 26.7423 1.86992 0.772277 735.654 
655.88 -0.1084 -1.06984 276.051 -0.515951 2.35589 878.842 0.491227 0.795496 0.828565 0.694758 327.488 2.20405 0.132298 1036.85 
804.655 0.0101428 1.13313 632.714 -0.100272 -2.10015 1455.18 0.610866 0.387101 0.754642 0.858832 12.9512 1.75754 0.624407 1784.35 
282.646 1.05393 -1.72659 276.412 0.502723 1.4174 623.267 0.536651 0.625076 0.497989 0.778361 8.32113 -2.41671 0.690117 563.661 
202.082 -0.311529 0.661758 201.789 -1.66533 -2.62205 537.842 0.53492 0.494732 0.744207 0.794876 14.266 0.626914 0.0348434 419.691 
228.168 -0.336295 2.51718 205.416 -1.7914 -0.585571 561.123 0.535362 0.687069 0.819578 0.85858 2.37369 -2.47556 1.85114 420.651 
285.62 -1.0882 2.84287 256.315 1.07679 -0.281408 909.004 0.769506 0.416154 0.849699 0.758292 27.157 -0.266502 0.0149058 575.171 
604.674 -0.986609 1.75106 600.199 -0.310446 -1.46949 1307.9 0.703081 0.63977 0.799808 0.520434 31.2132 -1.43579 0.0337011 1351.45 
740.437 0.728088 -2.19234 344.089 -0.536209 0.755349 1239.39 0.511579 0.667845 0.736497 0.897589 198.803 1.11491 0.165657 1477.77 
299.322 -0.145023 -1.97506 290.093 0.357222 1.31393 642.189 0.257961 0.615871 0.674947 0.868341 7.46247 -1.82879 0.00112828 617.29 
378.45 0.92391 2.70207 345.42 0.440715 -0.505724 777.275 0.652329 0.558872 0.771624 0.39904 47.4019 -1.11206 0.606338 760.209 
397.944 1.56488 1.71213 262.661 -1.37148 -0.360086 1448.2 0.472727 0.731117 0.696241 0.842868 27.3937 -2.52561 1.09614 1037.78 
334.694 0.0734828 2.96879 310.831 1.98869 -0.238182 975.11 0.609577 0.425834 0.785988 0.957479 23.8833 2.14789 0.8209 945.598 
426.577 -0.284874 -0.569215 254.751 -1.77187 2.36844 870.344 0.643614 0.407623 0.659867 0.899489 34.8129 -0.0703076 0.498908 877.311 
237.742 -0.536245 -0.340391 201.368 0.977377 2.89285 593.319 0.495518 0.8243 0.769602 0.803813 40.6741 2.5649 0.327949 425.021 
396.35 0.603853 -2.2956 225.07 -0.415911 1.25157 685.821 0.759453 0.222022 0.776784 0.836623 31.5932 1.13816 0.113413 812.044 
264.475 -0.298905 -0.496691 205.405 2.11777 2.36575 870.877 0.640213 0.720909 0.759246 0.650309 10.1101 -0.385201 0.11149 648.89 
264.718 0.0646077 1.52884 215.533 0.426629 -1.80085 524.054 0.833735 0.597937 0.783581 0.549443 31.2012 -1.49028 0.310562 526.153 
264.847 -1.58132 1.73028 220.741 -0.75779 -1.2753 545.784 0.372584 0.532944 0.76755 0.756184 34.0942 -2.17604 0.764732 543.066 
473.559 -1.64332 -2.4977 329.902 1.13027 0.51661 1697.7 0.738288 0.331218 0.589518 0.832653 27.3553 0.104361 0.412248 972.935 
298.911 -0.447371 -0.600678 265.311 0.908397 2.38653 702.481 0.796274 0.688533 0.78557 0.637319 57.7982 2.23913 0.147396 685.076 
390.956 0.652739 0.940487 356.176 -0.164108 -1.34295 776.199 0.261156 0.823966 0.691103 0.836026 35.985 2.07136 0.272717 1070.45 
806.152 -0.301483 -1.30471 671.878 0.214311 1.74769 1530.75 0.421237 0.801006 0.783138 0.693461 153.61 2.01213 0.17524 1555.04 
664.846 -0.685527 0.829367 454.531 -1.29218 -2.86347 1158.4 0.557953 0.539934 0.527527 0.654096 63.29 -2.77236 0.091109 1633.31 
390.206 2.18344 2.15433 301.044 0.944339 -0.71372 853.125 0.807059 0.678178 0.701908 0.798834 21.7901 2.63928 0.211407 903.562 
400.87 0.725446 1.96299 356.253 0.826923 -1.34525 761.392 0.575586 0.812053 0.883451 0.795866 47.8287 2.09225 0.129262 859.857 
283.629 -0.6901 1.14188 254.288 1.53122 -1.96961 918.363 0.731917 0.68622 0.857721 0.912242 19.9923 -2.69497 0.695257 543.34 
373.898 0.404404 -2.8875 316.9 -0.200526 -0.14787 715.262 0.82078 0.798488 0.698228 0.881987 37.4869 -3.12967 0.242171 958.029 
245.306 1.14373 -2.33033 241.131 1.7989 0.0269414 499.997 0.723251 0.529864 0.937771 0.806136 28.7728 -1.477 0.853326 692.389 
439.776 0.263891 -1.39084 325.25 0.695989 1.8955 802.499 0.734309 0.732843 0.642313 0.774717 34.6075 1.92559 0.030092 872.037 
281.001 0.212081 1.14517 219.114 -0.707158 -1.84261 615.004 0.400543 0.385856 0.626018 0.819332 34.6573 -0.918156 0.924459 561.647 
285.078 1.01067 1.6887 283.822 1.90037 -1.45549 631.919 0.819312 0.630154 0.676246 0.953588 11.8766 1.485 0.203701 597.076 
416.381 1.26316 1.89974 395.726 1.82784 -1.34354 875.279 0.420585 0.348293 0.814763 0.867814 11.7391 -0.238009 1.10553 965.905 
228.786 -0.841571 1.25371 213.832 -1.34858 -1.86813 474.045 0.733772 0.501487 0.798412 0.898641 29.5642 -2.0348 0.146917 467.955 
250.911 1.30264 -1.17239 244.077 0.907612 1.54529 534.663 0.564439 0.154614 0.939139 0.877969 19.0913 0.353372 1.19191 606.728 
241.411 -0.498097 -0.963883 217.622 1.48546 2.14123 714.286 0.890389 0.30321 0.822492 0.831203 7.85714 -2.03679 1.03643 512.191 
747.536 -0.839141 0.593975 742.472 -0.0595538 -2.76478 1695.19 0.372032 0.560697 0.839893 0.491812 24.5287 -2.9178 0.153025 1707.17 
276.181 -1.0909 2.92488 221.825 -0.882085 0.00412218 522.064 0.900294 0.284791 0.856384 0.864274 13.7909 1.48017 1.44472 753.833 
212.913 0.328034 -1.69701 203.506 0.69575 1.14602 427.317 0.656492 0.527012 0.540375 0.80642 22.4567 1.16821 0.0221893 500.851 
319.067 0.0818409 0.83287 224.416 0.907621 -2.4561 595.983 0.754967 0.602143 0.87852 0.808813 49.5712 -2.07783 0.378277 571.952 
602.92 0.247621 0.528817 574.403 -1.07263 -2.58008 1477.44 0.665793 0.373099 0.673211 0.83947 15.3436 1.83276 1.27124 1265.34 
412.972 -0.0317909 -0.875156 318.857 0.538165 2.2742 768.579 0.570714 0.859482 0.831329 0.884991 91.3752 2.26937 0.00293383 715.236 
284.288 1.576 -2.89435 248.19 -1.3337 -0.636102 1188.97 0.483416 0.911078 0.699297 0.761643 27.4404 0.648486 0.401242 761.079 
390.022 -0.188557 -2.32566 244.469 -2.88985 0.857865 1313.89 0.420363 0.625232 0.653544 0.710896 17.9152 -2.53253 0.206866 821.717 
1257.54 0.549287 -3.04204 1246.23 -0.363208 0.106967 2788.26 0.646871 0.818609 0.826587 0.738641 13.5575 2.84741 2.74044 2594.76 
1157.1 0.224128 3.05719 1129.51 -0.135168 -0.0969456 2341.14 0.292847 0.591409 0.662893 0.801283 81.658 -0.394338 0.297392 2350.89 
299.34 -0.351159 -0.416934 263.372 -1.158 2.73846 617.518 0.643828 0.818504 0.888793 0.787487 22.0452 2.80955 0.0710874 706.569 
477.663 1.91731 1.6171 342.986 1.9411 -1.37068 837.687 0.755353 0.654055 0.562372 0.845081 78.0399 -1.44617 0.0754861 1059.24 
566.834 -2.23636 -0.235291 533.651 -1.15433 2.92782 1306.55 0.739631 0.405804 0.855016 0.716729 9.01166 3.12876 0.200933 1090.73 
386.256 -0.927633 -1.23362 298.049 -0.998049 1.68337 712.202 0.775103 0.69628 0.736381 0.836888 46.6372 2.95353 1.04556 806.537 
383.045 -0.969023 3.1355 322.26 1.64891 0.0261001 1405.22 0.741303 0.358115 0.712549 0.597497 65.0885 -0.290378 0.28429 721.06 
287.067 1.08123 0.820375 256.278 2.12701 -2.09486 652.205 0.260133 0.626525 0.735849 0.779747 14.0163 1.47369 0.426962 633.291 
283.824 -0.0135184 1.26596 216.475 1.70448 -2.27102 725.765 0.415427 0.764065 0.674004 0.731348 33.8257 -0.573225 1.69779 680.773 
229.724 0.478212 0.0279109 206.454 0.17763 -2.31863 420.811 0.434958 0.662651 0.914196 0.733511 14.7566 2.86173 2.03877 738.113 
257.878 0.790476 0.0211115 239.442 0.877076 -2.70684 538.317 0.550391 0.541398 0.848756 0.785375 24.4261 0.447711 0.0129569 608.651 
399.098 -0.677404 -1.06729 357.994 -1.02003 1.84286 787.211 0.835593 0.388974 0.907345 0.609931 39.9034 2.84969 0.775395 1212.18 
384.263 1.08221 -2.81121 363.564 -0.7893 0.396243 1104.05 0.622282 0.773157 0.558324 0.774166 4.6626 0.761811 0.365568 770.944 
228.207 0.361694 1.73563 212.663 -0.0272798 -1.59138 465.828 0.375046 0.799449 0.894209 0.712125 31.5282 0.766339 0.96929 587.85 
273.952 1.71276 -2.86853 254.353 0.680543 0.322018 626.813 0.705409 0.494556 0.782957 0.744426 8.46 -1.01512 1.33714 529.045 
286.18 1.25942 -1.94888 273.913 0.0315426 1.04276 688.068 0.682675 0.752968 0.821827 0.67326 17.9596 2.20229 1.00958 650.679 
504.443 1.67277 -2.02862 380.589 -1.15706 0.802534 1909.77 0.686585 0.743513 0.841701 0.742051 16.5089 0.74813 0.0544041 1239.52 
323.556 1.16079 1.3124 320.758 0.0265528 -1.77092 763.881 0.575652 0.720823 0.783178 0.855932 51.5485 1.43318 0.0625013 825.268 
305.578 0.885952 -0.380234 279.839 0.0304386 2.98971 655.473 0.750654 0.628162 0.871145 0.733146 12.2795 -1.14249 0.762252 641.8 
445.828 -0.253157 -1.09505 420.459 -0.315507 2.10655 885.158 0.796155 0.789824 0.858622 0.875239 32.8276 1.42266 0.683884 854.675 
1104.55 0.839821 2.31139 1036.96 0.0106933 -0.933383 2333.08 0.933023 0.783619 0.781986 0.692491 34.9184 -1.55538 0.621996 2252.75 
290.436 -0.550086 2.54451 262.825 0.94919 0.588536 671.576 0.509866 0.248602 0.867042 0.768328 79.7465 -1.7079 1.11081 824.378 
310.904 0.931332 2.71498 266.004 1.36421 -0.426228 616.326 0.903064 0.517231 0.687647 0.54435 40.6535 -0.165029 0.261199 581.719 
316.174 0.233085 -0.658443 292.18 1.19151 2.52645 689.723 0.669526 0.709649 0.703089 0.680873 20.3057 1.90664 0.61981 589.491 
421.676 -0.531412 -2.15965 405.148 -0.284626 0.937362 874.987 0.61872 0.567416 0.87347 0.55484 19.8983 1.13046 0.148521 1034.49 
341.191 -1.72047 -0.122417 242.793 -1.96955 2.87686 584.885 0.657499 0.616031 0.833132 0.908056 81.2716 3.13553 0.116358 577.955 
352.438 -0.253452 0.955327 267.696 0.753504 -2.15887 701.842 0.694022 0.866005 0.895316 0.851594 24.8122 -2.02042 0.138447 672.014 
279.242 2.34793 -1.01904 240.812 2.27189 2.10217 528.205 0.819398 0.83824 0.843056 0.870545 40.7311 2.4447 0.322154 532.745 
297.383 0.74787 -0.397057 291.584 -0.211694 3.01404 664.697 0.666572 0.729255 0.832097 0.894287 24.4651 1.10758 1.50463 722.193 
261.615 0.915558 -0.346391 246.633 -2.17969 2.81164 1256.4 0.588479 0.763338 0.865255 0.956441 5.98858 -1.06858 0.722185 523.096 
212.868 -0.0675495 2.00138 206.559 0.9309 -1.22614 494.849 0.538683 0.793898 0.65442 0.664471 17.5402 2.52068 0.519297 416.761 
388.753 -1.24578 2.49932 357.487 -1.99102 -0.637099 844.247 0.331398 0.670495 0.854912 0.901194 27.477 -0.564002 0.073097 742.216 
214.62 1.05356 1.8944 204.228 0.611611 -1.31046 466.928 0.695188 0.384611 0.595421 0.644993 11.9312 -1.93973 0.629267 447.834 
237.561 -0.579991 1.98943 202.849 -2.00387 -0.998223 567.374 0.598875 0.513781 0.776329 0.763199 15.3323 -1.02062 0.0224013 520.272 
221.042 0.180516 3.04295 212.548 2.22022 0.00617882 687.373 0.682153 0.916686 0.711177 0.712362 55.8374 -0.11467 0.0160306 521.624 
383.183 1.16547 1.42781 264.971 1.18912 -1.81081 664.827 0.280687 0.729036 0.951849 0.854599 55.3903 -1.77722 0.0335848 728.885 
336.123 0.457603 -0.647461 293.657 0.420877 2.20577 637.277 0.883444 0.718745 0.728221 0.900978 23.0685 2.40292 0.19715 699.719 
499.334 0.611796 1.74157 360.393 0.813113 -1.8338 850.94 0.372657 0.494274 0.869826 0.842657 26.921 -2.62971 0.795912 1433.53 
220.074 0.249552 1.74356 219.278 -1.30912 -1.3175 591.479 0.615818 0.617344 0.631808 0.868716 17.3305 3.01684 1.19274 443.014 
284.261 -0.890808 -0.996336 234.819 -2.17459 1.92481 671.188 0.384883 0.638131 0.9059 0.835179 19.0197 -3.04662 1.82983 661.755 
236.256 -1.47718 -2.33103 228.025 -0.246499 0.802848 574.171 0.797028 0.823364 0.782974 0.880553 9.65866 1.27309 0.462531 465.024 
296.391 -0.690443 3.13034 230.718 -0.313029 -0.0781306 567.969 0.492997 0.364585 0.570437 0.83623 9.05492 -0.179919 0.101788 578.59 
335.602 1.4624 0.85799 327.113 1.3983 -2.13167 699.757 0.544684 0.369438 0.40236 0.870149 31.5002 0.458591 0.399399 754.888 
282.917 -0.330227 1.68564 245.229 -2.34885 -1.68956 843.134 0.659248 0.48621 0.861851 0.84925 56.2314 -1.59711 0.0924469 627.551 
327.195 3.01716 -1.85247 326.949 0.658222 1.2275 1206.53 0.397095 0.434057 0.619179 0.907836 19.2713 1.27124 0.0437449 725.873 
287.476 -0.0373405 0.893063 252.139 1.5318 -2.34885 733.298 0.499567 0.735582 0.762337 0.70039 34.8307 -2.08954 0.259309 530.524 
288.989 -0.917871 -1.36152 257.47 -2.02646 1.66782 651.367 0.50669 0.441776 0.789187 0.665661 49.8733 1.87217 0.092099 593.985 
733.601 1.12451 3.01249 259.056 -0.000882655 -0.256057 1041.01 0.872523 0.453929 0.751238 0.780663 444.656 -0.146797 0.0176905 1123 
389.68 0.516378 -2.48928 366.158 -1.30983 0.781187 1100.99 0.776417 0.542456 0.753995 0.799252 38.9967 0.518967 0.262219 794.935 
530.669 0.800847 3.10635 510.851 0.638445 -0.109896 1053.62 0.653943 0.848125 0.834886 0.874534 9.95667 1.00687 1.11676 1112.35 
316.838 1.5045 -0.343906 255.43 -1.40887 3.13108 1307.36 0.694681 0.4916 0.780759 0.420058 23.1981 2.98523 0.145841 666.342 
364.142 -0.049262 0.0857271 240.396 -1.10904 2.69779 714.077 0.546591 0.696792 0.706908 0.720097 21.3123 2.99132 0.293529 790.333 
354.092 -0.845109 -1.56937 313.209 -0.900815 1.62426 679.581 0.837715 0.76123 0.768419 0.892395 20.2827 -2.42495 0.855574 772.692 
278.777 1.2643 -2.97723 251.555 -1.52771 -0.0559795 1155.95 0.353606 0.449156 0.820703 0.764744 24.023 1.39562 1.23125 755.461 
446.47 0.535896 -1.43473 405.189 0.291961 1.45981 875.197 0.563995 0.754294 0.607783 0.779617 29.1768 -3.03166 1.34987 947.114 
